150 100 100 100 100 100 100 100 100 100 100 100 100 100 100 100 111 000 000 000 113 150 150 150 150 150 150 150 150 150 150 150 150 150 150 150 150  \n
150 150 100 100 100 100 100 100 100 100 100 150 150 150 150 150 111 000 000 000 113 150 150 150 150 150 150 150 150 150 150 150 150 150 150 150 150  \n
150 150 122 110 110 110 110 110 110 110 110 110 110 110 110 110 110 000 000 000 110 110 110 110 110 110 110 110 110 110 110 110 110 110 131 110 110  \n
150 150 111 000 000 000 000 000 000 000 000 000 000 000 000 000 000 000 000 000 000 000 000 000 000 000 000 000 000 000 000 000 000 000 113 150 150  \n
150 150 111 000 000 000 000 000 000 000 000 000 000 000 000 000 000 000 000 000 000 000 000 000 000 000 000 000 000 000 000 000 000 000 113 150 150  \n
150 150 111 000 000 000 000 000 000 000 000 000 000 000 000 000 000 000 000 000 000 000 000 000 000 000 000 000 000 000 000 000 000 000 113 150 150  \n
150 150 111 000 000 000 000 000 000 000 000 000 000 000 000 000 000 000 000 000 000 000 000 000 000 000 000 000 000 000 000 000 000 000 113 150 150  \n
150 150 111 000 000 000 000 000 000 000 000 000 000 000 000 000 000 000 000 000 000 000 000 000 000 000 000 000 000 000 000 000 000 000 113 150 150  \n
150 150 111 000 000 000 000 000 000 000 000 000 000 000 000 000 000 000 000 000 000 000 000 000 000 000 000 000 000 000 000 000 000 000 113 150 150  \n
150 150 111 000 000 000 000 000 000 000 000 000 000 000 000 000 000 000 000 000 000 000 000 000 000 000 000 000 000 000 000 000 000 000 113 150 150  \n
150 150 111 000 000 000 000 000 000 000 000 000 000 000 000 000 000 000 000 000 000 000 000 000 000 000 000 000 000 000 000 000 000 000 113 150 150  \n
150 150 111 000 000 000 000 000 000 000 000 000 000 000 000 000 000 000 000 000 000 000 000 150 150 150 150 000 000 000 000 000 000 000 113 150 150  \n
150 150 111 000 000 000 000 000 000 000 000 000 000 000 000 000 000 000 000 000 000 000 000 150 150 150 150 000 000 000 000 000 000 000 113 150 150  \n
150 150 111 000 000 000 000 000 000 000 150 150 150 000 000 000 000 000 000 000 000 000 000 000 000 000 000 000 000 000 000 000 000 000 113 150 150  \n
110 110 120 000 000 000 000 000 000 000 150 150 000 000 000 000 000 000 000 000 000 000 000 000 000 000 000 000 000 000 000 000 000 000 131 110 110  \n
000 000 000 000 000 000 000 000 000 000 000 000 000 000 000 000 000 000 000 000 000 000 000 000 000 000 000 000 000 000 000 000 000 000 000 000 000  \n
000 000 000 000 000 000 000 000 000 000 000 000 000 000 000 000 000 000 000 000 000 000 000 000 000 000 000 000 000 000 000 000 000 000 000 000 000  \n
000 000 000 000 000 000 000 000 000 000 000 000 000 000 000 000 000 000 000 000 000 000 000 000 000 000 000 000 000 000 000 000 000 000 000 000 000  \n
090 090 090 000 000 000 000 000 000 000 000 000 000 000 000 000 000 000 000 000 000 000 000 000 000 000 000 000 000 000 000 000 000 000 113 150 150  \n
150 150 111 000 000 000 000 000 000 000 000 000 000 000 000 000 000 000 000 000 000 000 000 000 000 000 000 000 000 000 000 000 000 000 113 150 150  \n
112 112 121 000 000 000 000 000 000 000 000 000 000 000 000 000 000 000 000 000 000 000 000 000 000 000 000 000 000 000 000 000 000 000 112 112 112  \n
150 150 111 000 000 000 000 000 000 000 000 000 000 000 000 000 000 000 000 000 000 000 000 000 000 000 000 000 000 000 000 000 000 000 113 150 150  \n
150 150 111 000 000 000 000 000 000 000 000 000 000 000 000 000 000 000 000 000 000 000 000 000 000 000 000 000 000 000 000 000 000 000 113 150 150  \n
150 150 111 000 000 000 000 000 000 000 000 000 000 000 000 000 000 000 000 000 000 000 000 000 000 000 000 000 000 000 000 000 000 000 113 150 150  \n
150 150 111 000 000 000 000 000 000 000 000 000 000 000 000 000 000 000 000 000 000 000 000 000 000 000 000 000 000 000 000 000 000 000 113 150 150  \n
150 150 111 000 000 000 000 000 000 000 000 000 000 000 000 000 000 000 000 000 000 000 000 000 000 000 000 000 000 000 000 000 000 000 113 150 150  \n
150 150 111 000 000 000 000 000 000 000 000 000 000 000 000 000 000 000 000 000 000 000 000 000 000 000 000 000 000 000 000 000 000 000 113 150 150  \n
150 150 111 000 000 000 000 000 000 000 000 000 000 000 000 000 000 000 000 000 000 000 000 000 000 000 000 000 000 000 000 000 000 000 113 150 150  \n
150 150 111 000 000 000 000 000 000 000 000 000 000 000 000 000 000 000 000 000 000 000 000 000 000 000 000 000 000 000 000 000 000 000 113 150 150  \n
150 150 111 000 000 000 000 000 000 000 000 000 000 000 000 000 000 000 000 000 000 000 000 000 000 000 000 000 000 000 000 000 000 000 113 150 150  \n
150 150 111 090 090 090 090 090 090 090 090 090 090 090 090 090 090 000 000 000 090 090 090 090 090 090 090 090 090 090 090 090 090 090 113 150 150  \n
150 150 111 080 080 080 080 080 080 080 080 080 080 080 080 080 080 000 000 000 080 080 080 080 080 080 080 080 080 080 080 080 080 080 113 150 150  \n
150 150 133 112 112 112 112 112 112 112 112 112 112 112 112 112 000 000 000 000 122 000 112 112 112 112 112 112 112 112 112 112 112 112 120 000 000  \n
150 150 150 150 150 150 150 150 150 150 150 150 150 150 150 150 111 000 000 000 113 150 150 150 150 150 150 150 150 150 150 150 150 150 150 150 150  \n
150 150 150 150 150 150 150 150 150 150 150 150 150 150 150 150 111 000 000 000 113 150 150 150 150 150 150 150 150 150 150 150 150 150 150 150 150 