150 100 100 100 100 100 100 100 100 100 100 100 100 100 100 100 111 000 000 000 113 150 150 150 150 150 150 150 150 150 150 150 150 150 150 150 150  \n
150 150 100 100 100 100 100 100 100 100 100 150 150 150 150 150 111 000 000 000 113 150 150 150 150 150 150 150 150 150 150 150 150 150 150 150 150  \n
150 150 132 110 110 110 110 110 110 110 110 110 110 110 110 110 110 000 000 000 110 110 110 110 110 110 110 110 110 110 110 110 110 110 131 150 150  \n
150 150 111 000 000 000 000 000 000 000 000 000 000 000 000 000 000 000 000 000 000 000 000 000 000 000 000 000 000 000 000 000 000 000 113 150 150  \n
150 150 111 000 000 000 000 000 000 000 000 000 000 000 000 000 000 000 000 000 000 000 000 000 000 000 000 000 000 000 000 000 000 000 113 150 150  \n
150 150 111 000 000 000 000 000 000 000 000 000 000 000 000 000 000 000 000 000 000 000 000 000 000 000 000 000 000 000 000 000 000 000 113 150 150  \n
150 150 111 000 000 000 000 000 000 000 000 000 000 120 000 000 000 000 000 000 000 000 000 000 000 000 000 000 000 000 000 000 000 000 113 150 150  \n
150 150 111 000 000 000 000 000 000 000 000 000 000 120 120 000 000 000 000 000 000 000 000 000 000 000 000 000 000 000 000 000 000 000 113 150 150  \n
150 150 111 000 000 000 000 000 000 000 000 000 000 000 120 000 000 000 000 000 000 000 000 102 102 102 102 000 000 000 000 000 000 000 113 150 150  \n
150 150 111 000 000 000 000 000 000 000 000 000 000 000 000 000 000 000 000 000 000 000 000 000 000 000 000 101 000 000 000 000 000 000 113 150 150  \n
150 150 111 000 000 000 000 000 000 000 000 000 000 000 000 000 000 000 000 000 000 000 000 000 000 000 000 101 000 000 000 000 000 000 113 150 150  \n
150 150 111 000 000 000 000 000 000 000 000 000 000 000 000 000 000 000 000 000 000 000 000 150 150 150 150 000 000 000 000 000 000 000 113 150 150  \n
150 150 111 000 000 000 000 000 000 000 000 000 000 000 000 000 000 000 000 000 000 000 000 150 150 150 150 000 000 000 000 000 000 000 113 150 150  \n
150 150 111 000 000 000 000 000 000 000 000 000 000 000 000 000 000 000 000 000 000 000 000 000 000 000 000 000 000 120 000 000 000 000 113 150 150  \n
110 110 130 000 000 000 000 000 000 000 000 000 000 000 000 000 022 012 012 012 021 000 000 000 000 000 000 000 000 120 120 000 000 000 131 110 110  \n
000 000 000 000 000 000 000 000 000 000 000 000 000 000 000 000 013 000 000 000 011 000 000 000 000 000 000 000 000 000 000 000 000 000 000 000 000  \n
000 000 000 000 000 000 000 000 000 000 000 000 000 000 000 000 013 000 000 000 011 000 000 000 000 000 000 000 000 000 000 000 000 000 000 000 000  \n
000 000 000 000 000 000 000 000 000 000 000 000 000 000 000 000 013 000 000 000 011 000 000 000 000 000 000 000 000 000 000 000 000 000 000 000 000  \n
090 090 090 000 000 000 000 000 120 120 000 000 000 000 000 000 023 010 010 010 020 000 000 000 000 000 000 000 000 000 000 000 000 000 113 150 150  \n
150 150 111 000 000 000 000 120 120 000 000 000 000 000 000 000 000 000 000 000 000 000 000 000 000 000 000 000 000 000 000 000 000 000 113 150 150  \n
112 112 121 000 000 000 000 000 000 000 000 000 000 000 000 000 000 000 000 000 000 000 000 000 000 000 000 000 000 000 000 000 000 000 112 112 112  \n
150 150 111 000 000 000 000 000 000 000 000 000 000 000 000 000 000 000 000 000 000 000 000 000 000 000 000 000 000 000 000 000 000 000 113 150 150  \n
150 150 111 000 000 000 000 000 000 000 000 000 000 000 000 000 000 000 000 000 000 000 000 000 000 000 000 000 000 000 000 000 000 000 113 150 150  \n
150 150 111 000 000 000 000 000 000 000 000 000 000 000 000 000 000 000 000 000 000 000 000 000 000 000 000 000 000 000 000 000 000 000 113 150 150  \n
150 150 111 000 000 000 000 000 000 000 000 000 000 000 000 000 000 000 000 000 120 000 000 000 000 000 000 000 000 000 000 000 000 000 113 150 150  \n
150 150 111 000 000 000 000 000 000 000 000 000 000 000 000 000 000 000 000 120 120 000 000 000 000 000 000 000 000 000 000 000 000 000 113 150 150  \n
150 150 111 000 000 000 000 000 000 000 000 000 000 000 000 000 000 000 000 000 000 000 000 000 000 000 000 000 000 000 000 000 000 000 113 150 150  \n
150 150 111 000 000 000 000 000 000 000 000 000 000 000 000 000 000 000 000 000 000 000 000 000 000 000 000 000 000 000 000 000 000 000 113 150 150  \n
150 150 111 000 000 000 000 000 000 000 000 000 000 000 000 000 000 000 000 000 000 000 000 000 000 000 000 000 000 000 000 000 000 000 113 150 150  \n
150 150 111 000 000 000 000 000 000 000 000 000 000 000 000 000 102 000 000 000 000 000 000 000 000 000 000 000 000 000 000 000 000 000 113 150 150  \n
150 150 111 090 090 090 090 090 090 090 090 090 090 090 090 090 090 000 000 000 090 090 090 090 090 090 090 090 090 090 090 090 090 090 113 150 150  \n
150 150 111 080 080 080 080 080 080 080 080 080 080 080 080 080 080 000 000 000 080 080 080 080 080 080 080 080 080 080 080 080 080 080 113 150 150  \n
150 150 133 112 112 112 112 112 112 112 112 112 112 112 112 112 133 000 000 000 132 112 112 112 112 112 112 112 112 112 112 112 112 112 131 000 000  \n
150 150 150 150 150 150 150 150 150 150 150 150 150 150 150 150 111 150 150 000 113 150 150 150 150 150 150 150 150 150 150 150 150 150 150 150 150  \n
150 150 150 150 150 150 150 150 150 150 150 150 150 150 150 150 111 000 000 000 113 150 150 150 150 150 150 150 150 150 150 150 150 150 150 150 150 