000 000 000 000 000 000 000 000 000 000 000 000 000 000 000 000 063 100 100 100 061 000 000 000 000 000 000 000 000 000 000 000 000 000 000 000 000  \n
000 000 000 000 000 000 000 000 000 000 000 000 000 000 000 000 063 000 000 000 061 000 000 000 000 000 000 000 000 000 000 000 000 000 000 000 000  \n
000 000 072 062 062 062 062 062 062 062 062 062 062 062 062 062 052 000 000 000 051 062 062 062 062 062 062 062 062 062 062 062 062 062 071 000 000  \n
000 000 063 000 000 000 000 000 000 000 000 000 000 000 000 000 000 000 000 000 000 000 000 000 000 000 000 000 000 000 000 000 000 000 061 000 000  \n
000 000 063 000 000 000 000 000 000 000 000 000 000 000 000 000 000 000 000 000 000 000 000 000 000 000 000 000 000 000 000 000 000 000 061 000 000  \n
000 000 063 000 000 000 000 000 000 000 000 000 000 000 000 000 000 000 000 000 000 000 000 000 000 000 000 000 000 000 000 000 000 000 061 000 000  \n
000 000 063 000 000 000 000 000 000 000 000 000 000 000 000 000 000 000 000 000 000 000 000 000 000 000 000 000 000 000 000 000 000 000 061 000 000  \n
000 000 063 000 000 000 000 000 000 000 000 000 000 000 000 000 000 000 000 000 000 000 000 000 000 000 000 000 000 000 000 000 000 000 061 000 000  \n
000 000 063 000 000 000 000 000 000 000 000 000 000 000 000 000 000 000 000 000 000 000 000 000 000 000 000 000 000 000 000 000 000 000 061 000 000  \n
000 000 063 000 000 000 000 000 000 000 000 000 000 000 000 000 000 000 000 000 000 000 000 000 000 000 000 000 000 000 000 000 000 000 061 000 000  \n
000 000 063 000 000 000 000 000 000 000 000 000 000 000 000 000 000 000 000 000 000 000 000 000 000 000 000 000 000 000 000 000 000 000 061 000 000  \n
000 000 063 000 000 000 000 000 000 000 000 000 000 000 000 000 000 000 000 000 000 000 000 000 000 000 000 000 000 000 000 000 000 000 061 000 000  \n
000 000 063 000 000 000 000 000 000 000 000 000 000 000 000 000 000 000 000 000 000 000 000 000 000 000 000 000 000 000 000 000 000 000 061 000 000  \n
000 000 063 000 000 000 000 000 000 000 000 000 000 000 000 000 000 000 000 000 000 000 000 000 000 000 000 000 000 000 000 000 000 000 061 000 000  \n
062 062 052 000 000 000 000 000 000 000 000 000 000 000 000 000 000 000 000 000 000 000 000 000 000 000 000 000 000 000 000 000 000 000 051 062 062  \n
101 000 000 000 000 000 000 000 000 000 000 000 000 000 000 000 000 000 000 000 000 000 000 000 000 000 000 000 000 000 000 000 000 000 000 000 103  \n
101 000 000 000 000 000 000 000 000 000 000 000 000 000 000 000 000 000 140 000 000 000 000 000 000 000 000 000 000 000 000 000 000 000 000 000 103  \n
101 000 000 000 000 000 000 000 000 000 000 000 000 000 000 000 000 000 000 000 000 000 000 000 000 000 000 000 000 000 000 000 000 000 000 000 103  \n
090 090 090 000 000 000 000 000 102 102 102 000 000 000 000 000 000 000 000 000 000 000 102 102 102 000 000 000 000 000 000 000 000 000 090 090 090  \n
080 080 080 000 000 000 000 000 090 090 090 101 000 000 000 000 000 000 000 000 000 000 090 090 090 101 000 000 000 000 000 000 000 000 080 080 080  \n
060 060 053 000 000 000 000 000 080 080 080 101 000 000 000 000 000 000 000 000 000 000 080 080 080 101 000 000 000 000 000 000 000 000 050 060 060  \n
000 000 063 000 000 000 000 000 050 060 053 101 000 000 000 000 000 000 000 000 000 000 050 060 053 000 000 000 000 000 000 000 000 000 061 000 000  \n
000 000 063 000 000 000 000 000 051 062 063 000 000 000 000 000 000 000 000 000 000 000 051 000 052 000 000 000 000 000 000 000 000 000 061 000 000  \n
000 000 063 000 000 000 000 000 000 000 030 000 000 000 000 000 000 000 000 000 000 000 000 030 000 000 000 000 000 000 000 000 000 000 061 000 000  \n
000 000 063 000 000 000 000 000 000 000 000 000 000 000 000 000 000 000 000 000 000 000 000 000 000 000 000 000 000 000 000 000 000 000 061 000 000  \n
000 000 063 000 000 000 000 000 000 000 000 000 000 000 000 000 000 000 000 000 000 000 000 000 000 000 000 000 000 000 000 000 000 000 061 000 000  \n
000 000 063 000 000 000 000 000 000 000 000 000 000 000 000 000 000 000 000 000 000 000 000 000 000 000 000 000 000 000 000 000 000 000 061 000 000  \n
000 000 063 000 000 000 000 000 000 000 000 000 000 000 000 000 000 000 000 000 000 000 000 000 000 000 000 000 000 000 000 000 000 000 061 000 000  \n
000 000 063 000 000 000 000 000 000 000 000 000 000 000 000 000 000 000 000 000 000 000 000 000 000 000 000 000 000 000 000 000 000 000 061 000 000  \n
000 000 063 102 102 102 102 102 102 102 102 102 102 102 102 102 002 000 000 000 102 102 102 102 102 102 102 102 102 102 102 102 102 102 061 000 000  \n
000 000 063 000 000 000 000 000 000 000 000 000 000 000 000 000 000 000 000 000 000 000 000 000 000 000 000 000 000 000 000 000 000 000 061 000 000  \n
000 000 063 000 000 000 000 000 000 000 000 000 000 000 000 000 000 000 000 000 000 000 000 000 000 000 000 000 000 000 000 000 000 000 061 000 000  \n
000 000 073 060 060 060 060 060 060 060 060 060 060 060 060 060 053 102 102 102 050 060 060 060 060 060 060 060 060 060 060 060 060 060 070 150 150  \n
000 000 000 000 000 000 000 000 000 000 000 000 000 000 000 000 063 000 000 000 061 000 000 000 000 000 000 000 000 000 000 000 000 000 000 000 000  \n
000 000 000 000 000 000 000 000 000 000 000 000 000 000 000 000 063 000 000 000 061 000 000 000 000 000 000 000 000 000 000 000 000 000 000 000 000 