000 000 000 000 000 000 000 000 000 000 000 000 000 000 000 000 000 000 000 000 000 000 000 000 000 000 000 000 000 000  \n
000 000 000 000 000 000 000 000 000 000 000 000 000 000 000 000 000 000 000 000 000 000 000 000 000 000 000 000 000 000  \n
000 000 000 000 000 000 000 000 000 000 000 000 000 000 000 000 000 000 000 000 000 000 000 000 000 000 000 000 000 000  \n
000 000 000 000 000 000 000 000 000 000 000 000 000 000 000 000 000 000 000 000 000 000 000 000 000 000 000 000 000 000  \n
000 000 000 000 000 000 000 000 000 000 000 000 000 000 000 000 000 000 000 000 000 000 000 000 000 000 000 000 000 000  \n
000 000 000 000 000 000 000 000 000 000 000 000 000 000 000 000 000 000 000 000 000 000 000 000 000 000 000 000 000 000  \n
000 000 000 000 000 000 000 000 000 000 000 000 000 000 000 000 000 000 000 000 000 000 000 000 000 000 000 000 000 000  \n
000 000 000 000 000 000 000 000 000 000 000 000 000 000 000 000 000 000 000 000 000 000 000 000 000 000 000 000 000 000  \n
000 000 000 000 000 000 000 000 000 000 000 070 070 000 000 000 000 000 000 000 000 000 000 000 000 000 000 000 000 000  \n
000 000 000 000 000 000 000 000 000 000 000 060 060 000 000 000 000 000 000 000 000 000 000 000 000 000 000 000 000 000  \n
000 000 000 000 000 000 000 000 000 000 000 050 042 000 000 000 000 000 000 000 000 000 000 000 000 000 000 000 000 000  \n
000 000 000 000 000 000 000 000 000 000 000 030 000 000 000 000 000 000 000 000 000 000 000 000 000 000 000 000 000 000  \n
000 000 000 000 000 000 000 000 000 000 000 000 000 000 000 000 000 000 000 000 000 000 000 000 000 000 000 000 000 000  \n
000 000 000 000 000 000 000 000 000 000 000 000 000 000 000 000 000 000 000 000 000 000 000 000 000 000 000 000 000 000  \n
000 000 000 000 000 000 000 000 000 000 000 000 000 000 000 000 000 000 000 000 000 000 000 000 000 000 000 000 000 000 